alley_1 50 (436,1024,3)
alley_2 50 (436,1024,3)
ambush_2 21 (436,1024,3)
ambush_4 33 (436,1024,3)
ambush_5 50 (436,1024,3)
ambush_6 20 (436,1024,3)
ambush_7 50 (436,1024,3)
bamboo_1 50 (436,1024,3)
bamboo_2 50 (436,1024,3)
bandage_1 50 (436,1024,3)
bandage_2 50 (436,1024,3)
cave_2 50 (436,1024,3)
cave_4 50 (436,1024,3)
market_2 50 (436,1024,3)
market_5 50 (436,1024,3)
market_6 40 (436,1024,3)
mountain_1 50 (436,1024,3)
shaman_2 50 (436,1024,3)
shaman_3 50 (436,1024,3)
sleeping_1 50 (436,1024,3)
sleeping_2 50 (436,1024,3)
temple_2 50 (436,1024,3)
temple_3 50 (436,1024,3)
