1 100 (480,960,3)
10 100 (480,960,3)
100 100 (720,1440,3)
101 100 (720,1440,3)
102 100 (720,1440,3)
105 100 (1080,1920,3)
106 100 (1080,1920,3)
107 100 (1080,1920,3)
108 100 (1080,1920,3)
109 100 (1080,1920,3)
11 100 (480,960,3)
110 100 (1080,1920,3)
111 100 (1080,1920,3)
112 100 (1080,1920,3)
113 100 (1080,1920,3)
114 100 (1080,1920,3)
115 100 (1080,1920,3)
116 100 (1080,1920,3)
117 100 (1080,1920,3)
118 100 (1080,1920,3)
119 100 (1080,1920,3)
12 100 (480,960,3)
120 100 (1080,1920,3)
121 100 (1080,1920,3)
122 100 (1080,1920,3)
123 100 (1080,1920,3)
124 100 (1080,1920,3)
125 100 (1080,1920,3)
126 100 (1080,1920,3)
127 100 (1080,1920,3)
128 100 (1080,1920,3)
129 100 (1080,1920,3)
13 100 (480,960,3)
130 100 (1080,1920,3)
131 100 (1080,1920,3)
132 100 (1080,1920,3)
133 100 (1080,1920,3)
134 100 (1080,1920,3)
135 100 (1080,1920,3)
136 100 (1080,1920,3)
137 100 (1080,1920,3)
138 100 (1080,1920,3)
139 100 (1080,1920,3)
14 100 (480,960,3)
140 100 (1080,1920,3)
141 100 (1080,1920,3)
142 100 (1080,1920,3)
143 100 (1080,1920,3)
144 100 (1080,1920,3)
145 100 (1080,1920,3)
146 100 (1080,1920,3)
147 100 (1080,1920,3)
148 100 (1080,1920,3)
149 100 (1080,1920,3)
15 100 (480,960,3)
150 100 (1080,1920,3)
151 100 (1080,1920,3)
152 100 (1080,1920,3)
153 100 (1080,1920,3)
154 100 (1080,1920,3)
155 100 (1080,1920,3)
156 100 (1080,1920,3)
157 100 (1080,1920,3)
158 100 (1080,1920,3)
159 100 (1080,1920,3)
16 100 (480,960,3)
160 100 (1080,1920,3)
161 100 (1080,1920,3)
162 100 (1080,1920,3)
163 100 (1080,1920,3)
164 100 (1080,1920,3)
165 100 (1080,1920,3)
166 100 (1080,1920,3)
167 100 (1080,1920,3)
168 100 (1080,1920,3)
169 100 (1080,1920,3)
17 100 (480,960,3)
170 100 (1080,1920,3)
171 100 (1080,1920,3)
172 100 (1080,1920,3)
173 100 (1080,1920,3)
174 100 (1080,1920,3)
175 100 (1080,1920,3)
176 100 (1080,1920,3)
177 100 (1080,1920,3)
178 100 (1080,1920,3)
179 100 (1080,1920,3)
18 100 (480,960,3)
180 100 (1080,1920,3)
181 100 (1080,1920,3)
182 100 (1080,1920,3)
183 100 (1080,1920,3)
184 100 (1080,1920,3)
185 100 (1080,1920,3)
186 100 (1080,1920,3)
187 100 (1080,1920,3)
188 100 (1080,1920,3)
189 100 (1080,1920,3)
19 100 (480,960,3)
190 100 (1080,1920,3)
191 100 (1080,1920,3)
192 100 (1080,1920,3)
193 100 (1080,1920,3)
194 100 (1080,1920,3)
195 100 (1080,1920,3)
196 100 (1080,1920,3)
197 100 (1080,1920,3)
198 100 (1080,1920,3)
199 100 (1080,1920,3)
2 100 (480,960,3)
20 100 (480,960,3)
200 100 (1080,1920,3)
201 100 (1080,1920,3)
202 100 (1080,1920,3)
203 100 (1080,1920,3)
204 100 (1080,1920,3)
205 100 (1080,1920,3)
206 100 (1080,1920,3)
21 100 (480,960,3)
22 100 (480,960,3)
23 100 (480,960,3)
24 100 (480,960,3)
25 100 (480,960,3)
26 100 (480,960,3)
28 100 (720,1440,3)
29 100 (360,720,3)
3 100 (480,960,3)
30 100 (720,1440,3)
31 100 (720,1440,3)
32 100 (720,1440,3)
33 100 (720,1440,3)
34 100 (720,1440,3)
35 100 (720,1440,3)
36 100 (720,1440,3)
37 100 (720,1440,3)
38 100 (720,1440,3)
39 100 (720,1440,3)
4 100 (480,960,3)
40 100 (720,1440,3)
41 100 (720,1440,3)
42 100 (720,1440,3)
43 100 (720,1440,3)
44 100 (720,1440,3)
45 100 (480,960,3)
46 100 (480,960,3)
47 100 (720,1440,3)
48 100 (720,1440,3)
49 100 (720,1440,3)
5 100 (480,960,3)
50 100 (720,1440,3)
51 100 (360,720,3)
52 100 (360,720,3)
53 100 (720,1440,3)
54 100 (720,1440,3)
55 100 (720,1440,3)
56 100 (720,1440,3)
57 100 (720,1440,3)
58 100 (720,1440,3)
59 100 (720,1440,3)
6 100 (480,960,3)
60 100 (720,1440,3)
61 100 (720,1440,3)
62 100 (720,1440,3)
63 100 (720,1440,3)
64 100 (720,1440,3)
65 100 (720,1440,3)
66 100 (720,1440,3)
67 100 (720,1440,3)
68 100 (720,1440,3)
69 100 (720,1440,3)
7 100 (480,960,3)
70 100 (720,1440,3)
71 100 (720,1440,3)
72 100 (720,1440,3)
73 100 (720,1440,3)
74 100 (720,1440,3)
75 100 (720,1440,3)
76 100 (720,1440,3)
77 100 (720,1440,3)
78 100 (720,1440,3)
79 100 (720,1440,3)
8 100 (480,960,3)
80 100 (720,1440,3)
81 100 (720,1440,3)
82 100 (720,1440,3)
83 100 (720,1440,3)
84 100 (720,1440,3)
85 100 (360,720,3)
86 100 (720,1440,3)
87 100 (360,720,3)
88 100 (360,720,3)
89 100 (360,720,3)
9 100 (480,960,3)
90 100 (720,1440,3)
91 100 (720,1440,3)
92 100 (720,1440,3)
93 100 (720,1440,3)
94 100 (720,1440,3)
95 100 (720,1440,3)
96 100 (720,1440,3)
97 100 (720,1440,3)
98 100 (720,1440,3)
99 100 (720,1440,3)
